2.7607773934030613
2.267786785720351
2.19930053660339
2.035000525328935
2.3903905424013527
2.3894110519017344
2.531236748939441
2.536754591834928
2.6402175301576207
2.606795708750459
2.586396050883146
2.770494743828153
2.759790928657647
2.8123779398560433
2.9355609305755404
3.1779812672903396
3.2522981397623703
3.195443314347245
3.2825011469609753
3.44568683833947
3.4001225459220894
2.356102298679122
1.6336416407583696
1.6840538901259245
1.7028026876894395
1.925280465969373
1.9224747144777665
2.0350091958514525
2.1267825193889447
2.2482530552246875
2.2481455184212624
2.352098854517934
2.3855951096651906
2.469097759724169
2.5005080374511053
2.5612942938771526
2.7307233355517515
2.789653813113236
2.8466588752192314
2.92905878818065
3.0036856460685333
3.0272277723062633
2.636573744983809
2.1732335320204235
1.985237171749929
2.1713155843663476
2.228850102128327
2.1774567344647573
2.354204247097398
2.453887262650675
2.4188456180100952
2.482619133276545
2.5554732914554266
2.623048383535826
2.7509191729406384
2.955562900909597
2.8464582986576055
2.9495986208558658
2.9976235918323666
3.1521682805126
3.1489593367490083
3.1281041251499273
3.1779095113128295
2.335768423012113
1.5635163278767192
1.7193073826540823
1.6390556776430145
1.8309514487772844
1.9900088815578476
2.0199475524798975
2.1764831482644103
2.2125470412180133
2.247008142492427
2.2662349437733216
2.352578095459833
2.4733336006011974
2.4136378497237345
2.6165035445941895
2.644255347113443
2.8237547472360474
2.8272538042097723
2.8600888192876255
2.9784829329493943
3.06041917233
2.169050774603698
1.3753395124207892
1.4053855162923419
1.45904911233747
1.6258720070811257
1.7102910560578732
1.8423040904367967
1.879155245415487
1.990179355159756
2.1148927593839386
2.1302269341737508
2.205063442243825
2.27257568754833
2.371872099575922
2.4640137923386662
2.596523347534277
2.6049780499409487
2.743760664785944
2.809442924239848
2.8423863218198937
2.9377035732869774
2.1741216805386165
1.429725617630014
1.4589134384284548
1.459603792467995
1.6067211644516521
1.6469450575236508
1.802684871783253
1.9244875591136055
2.0283583811239243
2.0820938821440147
2.166404057720556
2.2212931962972884
2.3118606011168636
2.362123298360426
2.483211931906082
2.584688936668729
2.655154388305702
2.738117002769646
2.7514853955230745
2.838450172742061
2.9301108646953384
2.1552858965958896
1.3564008488524195
1.4712241043101495
1.4864567081058708
1.5323390365652911
1.6953956945810413
1.782925554787763
1.859137513700555
2.0182547584040633
2.145641410029455
2.126312806306575
2.2182644173657096
2.319325413290527
2.368461516412298
2.43093926527848
2.5325891477193654
2.6043593907353384
2.721291219097325
2.747601383317592
2.7999375534011053
2.8888601896568638
2.203058461836057
1.437251831688669
1.5303086103684886
1.5412872950872059
1.7064101591727994
1.7017444292255686
1.8101093823043484
1.9541907104605025
2.0583262432579223
2.1220484454598316
2.2182507475512927
2.1849727808931645
2.2664822528696336
2.470882775855151
2.4882676694920414
2.6097791016131815
2.6682290543188785
2.731044385097592
2.7689386351438556
2.8503510593424415
2.9422936675185682
2.0737831702385625
1.3143277138834177
1.4007929770360779
1.3997709610678077
1.5406942804310833
1.6108242655351863
1.7229102636673155
1.8201858135030413
1.8855183352461433
1.9822626721275005
2.0410116095097943
2.1138702955350155
2.202314280417616
2.252684500124613
2.3321825220762173
2.43351034481305
2.529916675083832
2.624279278189494
2.693373851978591
2.7589642965472874
2.816268467998151
2.10979984381527
1.2547507068057642
1.332150412915719
1.396224418107676
1.496290531432362
1.5869214479101224
1.7151894365914988
1.8406578682825399
1.9041809478407923
2.0404802756249243
2.0966921074250897
2.143834664943397
2.241164554736762
2.3182404429547825
2.444166160757624
2.547269026677484
2.614830592448462
2.695139407358895
2.7630178451561624
2.8451505238727295
2.9196455044626046
2.0895791610391705
1.2864400594920211
1.3541709774554873
1.4409107149041391
1.5475869383410183
1.6424961277371317
1.7031029849828974
1.766563848419218
1.9406813945486965
1.9548226913522653
2.034749212063843
2.1503121735448
2.1764884985296424
2.309519006772568
2.3797974032577387
2.483357352805626
2.5553812702678633
2.6740485837482675
2.7325576772864184
2.785662907098424
2.872933398175342
2.0136383843403096
1.1950012125269442
1.2887485584991405
1.3420121949600048
1.4295893201829148
1.5153327262881167
1.6356513167446052
1.7398956624855169
1.8187202848806865
1.8856529285067622
1.953698693310859
2.0529772213300217
2.1218773186677535
2.1998410567085216
2.3372717229965314
2.4093710551804115
2.5333573565483647
2.602864853910451
2.67475022030817
2.7326092420043944
2.803544740766021
2.06484651953082
1.2491210498667524
1.3199192070361758
1.396715096136796
1.4958384228782329
1.5671495416254575
1.6714909933576636
1.779862926782103
1.884710415630213
1.9417691326207647
2.0395487294951935
2.0981257846376247
2.1696713361587516
2.271559771342244
2.378640232431636
2.4794179160086176
2.5728094326448656
2.645890899403509
2.7040361157391204
2.783014183737313
2.84763920308335
2.0797867859175843
1.2030481024282218
1.2600438680852681
1.3525244174315592
1.454743339470546
1.6002872025843886
1.6848219953206691
1.7979460559874056
1.9271843329308174
1.9845964437206982
2.0575412742369097
2.1554456434970786
2.2046753872698552
2.319477720045156
2.4072310904146823
2.500369758956554
2.5904669210823377
2.667901015051995
2.759826410144137
2.8080063970871314
2.8595983426062657
2.0300873757394817
1.1721416374223552
1.244437958893873
1.3331547540732331
1.438799872395836
1.5269674872165837
1.6443858122970154
1.7594642710414048
1.873066250244688
1.9284001349998388
2.01943203749934
2.0781524007916814
2.153486759729133
2.2407761835791544
2.3395426912845814
2.443659186020115
2.5242234886409336
2.611434372945818
2.6864108673760754
2.7626653515444315
2.8211459967935504
2.0648756355407234
1.2178009884866652
1.293919020909636
1.3715794214140546
1.4680514151357464
1.5672132698607024
1.684236889331727
1.7893850938761147
1.8896263259419777
1.987218869163255
2.0659309196805187
2.1278705426470443
2.206702736137522
2.2873386973705156
2.381712575450765
2.4647824241084577
2.561194862693767
2.634252812937191
2.705159148876675
2.768603099415944
2.8249335973761855
2.083595690450868
1.2104056592394759
1.312255326626752
1.3729366062255495
1.4786625116757275
1.595958882188221
1.6902233476372504
1.797644084199576
1.9256982562254663
1.9777599252293592
2.0696434438638316
2.1442932210885335
2.221324050956451
2.2993200520814354
2.414156393969173
2.4887101218848326
2.591542549361171
2.66710807973512
2.7387799327486033
2.8165315545129492
2.8589598095678723
2.0528633559064047
1.1853105245510485
1.272785018211628
1.3541035385091031
1.4587349864694055
1.554058870948342
1.662063462682951
1.7603489407637243
1.875189928730192
1.97027322809684
2.051445491047072
2.1067548260557682
2.184174233531159
2.2724488986707145
2.373993328615527
2.4628820839808707
2.550437819292658
2.638403487228333
2.712197971392742
2.7795954329860217
2.8320650463639976
1.9459123259029163
1.0665897406270008
1.1495811576422232
1.227837111399167
1.325787623588126
1.4351345060205773
1.54108152220951
1.6465566772617553
1.7577992013219002
1.8443066923238693
1.9321946182897236
2.0099489203338265
2.086776097398615
2.1708229363598432
2.275626326144938
2.3698578989199173
2.4665452660463467
2.551864062217667
2.6229322054163093
2.6920569566091377
2.744946997927867
1.9861870226592646
1.1332905110893527
1.1990243743004958
1.2858189190005227
1.380680682226517
1.4889670434146793
1.5860908429357046
1.689907719543255
1.8021464175730386
1.879009862503983
1.962755220906797
2.0413080101632204
2.1138952472620613
2.209236038376755
2.305603850942795
2.403497136529888
2.490456053177563
2.5800903343797383
2.655874165698657
2.7293539743988613
2.786734048761413
2.035278867093534
1.1764086710705497
1.248902421806811
1.3336815373560797
1.4278569693732206
1.542539086320183
1.6523793475140554
1.751576290250202
1.8633119403565495
1.9531405840793568
2.0322795645389538
2.1133591129335234
2.182153210757128
2.256119229902727
2.361477273954553
2.4499942105326498
2.5282463572078857
2.6136190896852827
2.6786074584753856
2.7417080090614365
2.79821697669416
1.94080642568643
1.0502447284894765
1.129936439420429
1.2135675571615663
1.31221059449649
1.4144973725366472
1.5285633121226092
1.645755658352757
1.7489736955251411
1.8377046712147282
1.9185505209618638
1.9963070999157946
2.0796029762996615
2.173547070120841
2.2786438359221455
2.3783150385355194
2.4730874769985767
2.555337723395698
2.628115267094072
2.6983425769803255
2.754824898184262
2.0456929750616633
1.1960087365503236
1.2632205128025984
1.3363336010331939
1.4275872393478863
1.5364775173628984
1.6419938743030247
1.7525621399240943
1.861332785022949
1.9510978648397659
2.0309780394561026
2.1097840549878875
2.1860290652621033
2.2716584368072863
2.377493683416624
2.471330993119937
2.559306644965237
2.632221415232288
2.7109596440070423
2.7747243627195837
2.8227588900724347
2.0346660893943094
1.174771456950643
1.2505453611237887
1.339882479065707
1.432999549520258
1.5343360224123577
1.6423378093676324
1.7603588741115312
1.8576042824333343
1.9417510664201463
2.0236567543834827
2.0960222557707726
2.170590305429285
2.256357597784904
2.3616063490837025
2.4596708976438966
2.5434387667578746
2.6119675721621514
2.6794779816367034
2.7533795144663515
2.8025668913616633
1.9939371214744857
1.0924712949603854
1.179887409843198
1.2743997628374535
1.3750376182793727
1.480439319353667
1.5873846179352362
1.7006433443822884
1.80973938167727
1.9064144480503258
1.987294053599848
2.0621416445537615
2.1390717822059355
2.2279498413558025
2.331520942020626
2.4219505531693217
2.5153666917364434
2.5976163446771703
2.667051247186775
2.734549992597709
2.7878121390671184
1.98881485661055
1.101767127784146
1.1876349008119946
1.2741018847940009
1.3697482414193594
1.4742883954229644
1.5816706635289797
1.6894222414019073
1.8022958486859306
1.8941271790258551
1.975890981261134
2.0500704577811346
2.1253482234135053
2.2141553822984417
2.322378958473349
2.412323284744608
2.5074084952557705
2.589562723547738
2.665793362148956
2.740573516212145
2.797735264199083
1.9812623710632145
1.1099745809539219
1.185958475465032
1.2750058570270346
1.3678587205246695
1.468029148580669
1.5699308502232912
1.6766197512701382
1.7838466800661754
1.8759839876721092
1.9600114406196139
2.0360372321365543
2.1120744350858986
2.2058048697983526
2.3121145407654167
2.4064131488571348
2.5016170822926833
2.584393097190617
2.6602739751814393
2.7374669887390817
2.7958325588144617
1.9864497633103189
1.1312205588940796
1.2037651560675977
1.2843653525424894
1.37200305685963
1.4725921368825168
1.5759378470341194
1.6838675675386392
1.788864293780326
1.8808521684321124
1.9604982004849207
2.039247211745329
2.1169579711650157
2.2099843216036845
2.315101684410028
2.4057790136385613
2.500313106027358
2.5823646267294125
2.662127910638129
2.7427256084935845
2.800427473238841
2.032426515227062
1.2382661097391603
1.3059809200482868
1.3764384474285078
1.4506079171997626
1.54063407484095
1.6316482044906793
1.7196289519112022
1.8126680696834772
1.900449156495771
1.9807604600805566
2.0583228739120303
2.1348120623752953
2.2293619990850746
2.335489600321896
2.433516299690861
2.5387512254638405
2.6254185686164186
2.703243615303616
2.784809657183809
2.847722090670049
2.0318640840220477
1.1320802594106698
1.215393773181076
1.3064889781053426
1.4039692301930826
1.5154187648624515
1.6260030686823663
1.7379993059788175
1.8462982096099705
1.9430506175833715
2.0277016665641163
2.1067268239052757
2.1814982052096084
2.267184719182264
2.3721541892569773
2.4654365092170822
2.554444108349561
2.6310119531114573
2.7028206551270912
2.775125416218761
2.826475226691606
1.980159561150267
1.0993523960027718
1.18466413819389
1.2750761078365054
1.3683526455965074
1.4735750279216704
1.5759726442189994
1.6828206908245418
1.7882089037354836
1.883654448357014
1.9658725958745384
2.0408867518249134
2.1154759677000943
2.203003065662162
2.3098550698737013
2.403989393814213
2.498187757858937
2.5781001457389547
2.6515807320458786
2.725502080342518
2.779060659582047
1.9302650974934217
0.9806048116884293
1.069651124039908
1.1631114545881813
1.267311158518254
1.3825022616477336
1.4974789276052893
1.6133930978658455
1.7261578924144172
1.8301487652310253
1.9208963810527735
2.0038692800694093
2.086645907945639
2.182132269183575
2.2932127853613817
2.390171660459042
2.488551790613501
2.5712152034864078
2.645755646093026
2.717897690344294
2.774593841660301
